0000000000000000
0110001001111100
0001011101000000
0001011101000000
0110001001111100
0000000000000000
1001110110000100
1110100011000000
1110100011000000
1001110110000100
0000000000000000
0110001001111100
0001011101000000
0001011101000000
0110001001111100
0000000000000000
1001110110000100
1110100011000000
1110100011000000
1001110110000100
0000000000000000
0110001001111100
0001011101000000
0001011101000000
0110001001111100
0000000000000000
1001110110000100
1110100011000000
1110100011000000
1001110110000100
0000000000000000
0110001001111100
0001011101000000
0001011101000000
0110001001111100
0000000000000000
1001110110000100
1110100011000000
1110100011000000
1001110110000100
0000000000000000
0110001001111100
0001011101000000
0001011101000000
0110001001111100
0000000000000000
1001110110000100
1110100011000000
1110100011000000
1001110110000100
0000000000000000
0110001001111100
0001011101000000
0001011101000000
0110001001111100
0000000000000000
1001110110000100
1110100011000000
1110100011000000
1001110110000100
0000000000000000
0110001001111100
0001011101000000
0001011101000000
0110001001111100
0000000000000000
1001110110000100
1110100011000000
1110100011000000
1001110110000100
0000000000000000
0110001001111100
0001011101000000
0001011101000000
0110001001111100
0000000000000000
1001110110000100
1110100011000000
1110100011000000
1001110110000100
0000000000000000
0110001001111100
0001011101000000
0001011101000000
0110001001111100
0000000000000000
1001110110000100
1110100011000000
1110100011000000
1001110110000100
0000000000000000
0110001001111100
0001011101000000
0001011101000000
0110001001111100
0000000000000000
1001110110000100
1110100011000000
1110100011000000
1001110110000100
0000000000000000
0110001001111100
0001011101000000
0001011101000000
0110001001111100
0000000000000000
1001110110000100
1110100011000000
1110100011000000
1001110110000100
0000000000000000
0110001001111100
0001011101000000
0001011101000000
0110001001111100
0000000000000000
1001110110000100
1110100011000000
1110100011000000
1001110110000100
0000000000000000
0110001001111100
0001011101000000
0001011101000000
0110001001111100
0000000000000000
1001110110000100
1110100011000000
1110100011000000
1001110110000100
0000000000000000
0110001001111100
0001011101000000
0001011101000000
0110001001111100
0000000000000000
1001110110000100
1110100011000000
1110100011000000
1001110110000100
0000000000000000
0110001001111100
0001011101000000
0001011101000000
0110001001111100
0000000000000000
1001110110000100
1110100011000000
1110100011000000
1001110110000100
0000000000000000
0110001001111100
0001011101000000
0001011101000000
0110001001111100
0000000000000000
1001110110000100
1110100011000000
1110100011000000
1001110110000100
0000000000000000
0110001001111100
0001011101000000
0001011101000000
0110001001111100
0000000000000000
1001110110000100
1110100011000000
1110100011000000
1001110110000100
0000000000000000
0110001001111100
0001011101000000
0001011101000000
0110001001111100
0000000000000000
1001110110000100
1110100011000000
1110100011000000
1001110110000100
0000000000000000
0110001001111100
0001011101000000
0001011101000000
0110001001111100
0000000000000000
1001110110000100
1110100011000000
1110100011000000
1001110110000100
0000000000000000
0110001001111100
0001011101000000
0001011101000000
0110001001111100
0000000000000000
1001110110000100
1110100011000000
1110100011000000
1001110110000100
0000000000000000
0110001001111100
0001011101000000
0001011101000000
0110001001111100
0000000000000000
1001110110000100
1110100011000000
1110100011000000
1001110110000100
0000000000000000
0110001001111100
0001011101000000
0001011101000000
0110001001111100
0000000000000000
1001110110000100
1110100011000000
1110100011000000
1001110110000100
0000000000000000
0110001001111100
0001011101000000
0001011101000000
0110001001111100
0000000000000000
1001110110000100
1110100011000000
1110100011000000
1001110110000100
0000000000000000
0110001001111100
0001011101000000
0001011101000000
0110001001111100
0000000000000000
1001110110000100
1110100011000000
1110100011000000
1001110110000100
0000000000000000
