0
593
306
306
593
0
-593
-306
-306
-593
-0
593
306
306
593
0
-593
-306
-306
-593
-0
593
306
306
593
0
-593
-306
-306
-593
-0
593
306
306
593
0
-593
-306
-306
-593
-0
593
306
306
593
0
-593
-306
-306
-593
-0
593
306
306
593
0
-593
-306
-306
-593
-0
593
306
306
593
0
-593
-306
-306
-593
-0
593
306
306
593
0
-593
-306
-306
-593
-0
593
306
306
593
0
-593
-306
-306
-593
-0
593
306
306
593
0
-593
-306
-306
-593
-0
593
306
306
593
0
-593
-306
-306
-593
-0
593
306
306
593
0
-593
-306
-306
-593
-0
593
306
306
593
-0
-593
-306
-306
-593
-0
593
306
306
593
-0
-593
-306
-306
-593
-0
593
306
306
593
-0
-593
-306
-306
-593
0
593
306
306
593
0
-593
-306
-306
-593
-0
593
306
306
593
-0
-593
-306
-306
-593
-0
593
306
306
593
0
-593
-306
-306
-593
-0
593
306
306
593
0
-593
-306
-306
-593
0
593
306
306
593
0
-593
-306
-306
-593
-0
593
306
306
593
0
-593
-306
-306
-593
0
593
306
306
593
0
-593
-306
-306
-593
-0
593
306
306
593
0
-593
-306
-306
-593
0
593
306
306
593
-0
-593
-306
-306
-593
-0
