000000000000
001001010001
000100110010
000100110010
001001010001
000000000000
110110101111
111011001110
111011001110
110110101111
000000000000
001001010001
000100110010
000100110010
001001010001
000000000000
110110101111
111011001110
111011001110
110110101111
000000000000
001001010001
000100110010
000100110010
001001010001
000000000000
110110101111
111011001110
111011001110
110110101111
000000000000
001001010001
000100110010
000100110010
001001010001
000000000000
110110101111
111011001110
111011001110
110110101111
000000000000
001001010001
000100110010
000100110010
001001010001
000000000000
110110101111
111011001110
111011001110
110110101111
000000000000
001001010001
000100110010
000100110010
001001010001
000000000000
110110101111
111011001110
111011001110
110110101111
000000000000
001001010001
000100110010
000100110010
001001010001
000000000000
110110101111
111011001110
111011001110
110110101111
000000000000
001001010001
000100110010
000100110010
001001010001
000000000000
110110101111
111011001110
111011001110
110110101111
000000000000
001001010001
000100110010
000100110010
001001010001
000000000000
110110101111
111011001110
111011001110
110110101111
000000000000
001001010001
000100110010
000100110010
001001010001
000000000000
110110101111
111011001110
111011001110
110110101111
000000000000
001001010001
000100110010
000100110010
001001010001
000000000000
110110101111
111011001110
111011001110
110110101111
000000000000
001001010001
000100110010
000100110010
001001010001
000000000000
110110101111
111011001110
111011001110
110110101111
000000000000
001001010001
000100110010
000100110010
001001010001
000000000000
110110101111
111011001110
111011001110
110110101111
000000000000
001001010001
000100110010
000100110010
001001010001
000000000000
110110101111
111011001110
111011001110
110110101111
000000000000
001001010001
000100110010
000100110010
001001010001
000000000000
110110101111
111011001110
111011001110
110110101111
000000000000
001001010001
000100110010
000100110010
001001010001
000000000000
110110101111
111011001110
111011001110
110110101111
000000000000
001001010001
000100110010
000100110010
001001010001
000000000000
110110101111
111011001110
111011001110
110110101111
000000000000
001001010001
000100110010
000100110010
001001010001
000000000000
110110101111
111011001110
111011001110
110110101111
000000000000
001001010001
000100110010
000100110010
001001010001
000000000000
110110101111
111011001110
111011001110
110110101111
000000000000
001001010001
000100110010
000100110010
001001010001
000000000000
110110101111
111011001110
111011001110
110110101111
000000000000
001001010001
000100110010
000100110010
001001010001
000000000000
110110101111
111011001110
111011001110
110110101111
000000000000
001001010001
000100110010
000100110010
001001010001
000000000000
110110101111
111011001110
111011001110
110110101111
000000000000
001001010001
000100110010
000100110010
001001010001
000000000000
110110101111
111011001110
111011001110
110110101111
000000000000
001001010001
000100110010
000100110010
001001010001
000000000000
110110101111
111011001110
111011001110
110110101111
000000000000
