0
245
419
481
427
301
170
102
140
283
487
683
803
803
683
487
283
140
102
170
301
427
481
419
245
0
-245
-419
-481
-427
-301
-170
-102
-140
-283
-487
-683
-803
-803
-683
-487
-283
-140
-102
-170
-301
-427
-481
-419
-245
-0
245
419
481
427
301
170
102
140
283
487
683
803
803
683
487
283
140
102
170
301
427
481
419
245
0
-245
-419
-481
-427
-301
-170
-102
-140
-283
-487
-683
-803
-803
-683
-487
-283
-140
-102
-170
-301
-427
-481
-419
-245
-0
245
419
481
427
301
170
102
140
283
487
683
803
803
683
487
283
140
102
170
301
427
481
419
245
0
-245
-419
-481
-427
-301
-170
-102
-140
-283
-487
-683
-803
-803
-683
-487
-283
-140
-102
-170
-301
-427
-481
-419
-245
0
245
419
481
427
301
170
102
140
283
487
683
803
803
683
487
283
140
102
170
301
427
481
419
245
0
-245
-419
-481
-427
-301
-170
-102
-140
-283
-487
-683
-803
-803
-683
-487
-283
-140
-102
-170
-301
-427
-481
-419
-245
-0
245
419
481
427
301
170
102
140
283
487
683
803
803
683
487
283
140
102
170
301
427
481
419
245
0
-245
-419
-481
-427
-301
-170
-102
-140
-283
-487
-683
-803
-803
-683
-487
